state={
	id=138
	name="Neutral Lands"
	manpower = 1
	impassable = yes
	
	state_category = wasteland
	history={
		owner = NEU
		add_core_of = NEU
		victory_points = {
			11805 20 
		}
		victory_points = {
			5093 3
		}
		buildings = {
		}
	}

	provinces={
		#179
		970 980 3790 3866 6880 6884 6933 9765 9819 

		#795
		844 924 3846 3886 3926 6986 9869 11768
		#181
		845 889 938 3969 6818 6996 9787 11885 
		#180
		724 877 3892 6921 6941 9817 11673
		#3
		636 3612 6666 6683 9587 9618 9620 9622 9638 11590 11604 13124
		#151
		658 661 663 3641 3660 3662 9600 11601 11623

		#552
		1143 2064 7216 10127 10869 10907 12099 12733 12764 12816
		#273
		1057 1060 1140 1994 4191 4962 5004 7985 10104 10754 10785 10884 11951 12022 12082 12866 
		
		#775
		4902 5136 10893

		#767
		7987 8103 10900
		#514
		1043 1095 1901 1958 2049 4903 5035 5095 7041 8061 8077 8088 10731 10749 12711 12842 12849
		#515
		1956 4913 7939 8028 8128 10758 10780 10805 10917

		#782
		1115 2068 10725 10868
		#786
		1897 1962 7943 8035 10771 10779 10838
		#296
		12747 12891
		#298
		7959 8006
		#796
		2115
		#540
		1552 2126 4735 5158 7548 8054 8138 8202 8219 8248 10966 12391 12958 12981 12985

		#544
		2120 2123 2159 2180 2193 2202 2217 5155 5164 5177 5212 8245 10972 12935 12950 12971 

		#322
		2010 2093 4994 5011 7926 8068 10755 10918
        #758
        1961 5094 8029 10802 12784 12801
		#757
        1991 2014 2098 4900 5033 8121 12807 
		#324
		8010 12860
		#323
		4386 4987 5310 7374 10825 10910 12892


		#112
		799 3798 3861 6924 11805
		#267
		5082 7448 7519 7584 7916 7984 10476 10737 10781 10826 10852 10896 12248 12314 12653 12769 12831 12877
		#415
		1948 1995 2017 2062 2078 2101 4893 4949 5020 5064 8053 8090 10789 12788 12871

		#292
		1955 2057 4968 4974 5024 5027 5058 5093 5099 7970 7995 8004 8060 8101 10791 10815 10850 10892 10901 10923 12455 12702 12727 12749 12813 12870 
		#679
		1033 1923 2027 2033 2090 2095 4981 5006 5037 7934 8073 8092 10748 10786 10835 12101 12758 12883
		#678
		4932 5081 8030 8118 10870 12740 12768
		#293
		1920 1973 4924 10752 10840
		#294
		1947 2018 2059 2103 4993 5049 8002 8020 10760 
	}

	local_supplies=1.0 
}
