state={
	id=139
	name="Neutral South America" # Americanos
	manpower = 1
	
	state_category = wasteland
	impassable = yes
	
	history={
		owner = NEU
        add_core_of = NEU
		buildings = {
			
		}
	}

	provinces={
        #278
		1555 1568 1596 1624 1639 4573 4602 4643 7621 10375 10390 10402 10418 12351 12364 12379 12394 12409 12998 

        #279
		650 5121 5169 5191 8194 8222 8229 8251 12920 12954 12984

		#300
		1613 1626 1641 1654 4457 10347 10362 10502 12336 12440 12468 12481 12496
        #301
		2152 2173 2194 11023 12901 
        #302
		2174 5179 5229 5230 8157 8225 10938 10952 10987 12930 12979 13134 13174 13195
        #303
		2156 2162 5190 8199 12969 12983 12997

        #304
		1633 4611 4624 7630 10482

        #305
		5051 5120 8047 8075 8252 10888 11020 12798

        #306
		2079 7936 7991 7993 10747 10790 10846
        #486
		1887 2007 5026 10792 12729 12770 12825

        #487
		2160 5188 8211 8240 10924 10982 10996 12902 12916 12917 12973 
        #492
		2182 2210 2225 5202 12953 13086 13175
        #494
		2212 2226 5166 8160 8191 10940 
        #493
		1937 2023 2085 4969 8056 10494 10864 12703 12790 12845 12872
        #490
		8149 10942
        #491
		5162 8213 10970 12869
        #316
		12878 13087 13092
        #317
		1988 2075 10728 12738 13139 13178
        #312
		2031 8017 12865
        #314
		12823 13093
        #313
		4991 10842 10886 13085 

        #506    
		5131 5146 5171 5192 5228 8217 8231 11000 12914 12994 
		
		#507
		2161 5118 5159 5201 5209 5215 8198 8218 8913 10961 

        #508
		2136 2224 8195 8216 8253 11001 12928 12978 

		#509
		2106 2208 5143 5213 8169 8255 10944 10965 10986 12922 12943


        #510
		1449 2172 5163 7500 8187 8208 8238 10515 10943 10975 10985 11007 12453 12964 13000 

        #511
		2158 2179 2215 5152 5184 5219 7550 8215 10964 10992 11021 11022 12942 12970 


        #512
		2149 2169 2199 5173 8161 8176 8192 10935 10953 10981 11005 11009 12306 12321 12349 12494 12946 12952 12982 

		#688
		2195 2209 5165 8203 10973

	}

	local_supplies=1.0 
}
