
state={
	id=38
	name="Sweden"
	manpower=1
	
	state_category = town
	

	history={
		owner = NEU
		add_core_of = NEU
		buildings = {
			infrastructure = 1
		}
	}

	provinces={
		46 49 77 113 114 125 130 156 168 184 202 205 3005 3039 3045 3070 3108 3111 3148 3162 3191 6010 6023 6063 6067 6093 6123 6126 6129 6147 6185 6207 9035 9051 9066 9068 9088 9117 9141 9148 9151 9154 9171 9173 9182 9193 9229 11040 11049 11052 11053 11091 11116 11120 11123 11129 11147 11148 11185 11187 11197 11209 13099 13117 
		#666
		11 58 61 101 109 118 145 148 151 182 190 201 3003 3044 3054 3062 3095 3100 3104 3113 3138 3173 3179 6024 6055 6074 6083 6125 6132 6152 6155 6161 6165 6168 6170 6200 6206 6208 9083 9093 9095 9108 9134 9143 9147 9175 9178 9186 9211 9220 9226 11026 11058 11060 11067 11069 11073 11102 11112 11152 11155 11190 11201 11208 13119 
		#141
		35 161 3106 3182 6050 6084 6127 6164 6188 6209 9109 9149 9185 9209 11044 11082 11163 11188 11278 13097 13098 
		#140
		69 147 171 295 383 3063 3128 3141 3286 3375 3386 6028 6195 6310 6331 6406 9054 9138 9218 11070 11114 13096 
		#139
		211 242 299 329 363 3229 6148 6311 6397 9251 9308 9329 9393 9406 9410 11231 11280 11289 11311 11380 11390 13095 
		#138
		3307 6120 6345 6412 9279 9300 9362 11160 11215 11327 11376 
	}

	local_supplies=0.0 
}
