
state={
	id=49
	name="can i play Turkey" # Ankara
	manpower = 1
	
	state_category = town
	impassable = yes


	history={
		owner = NEU
		add_core_of = NEU
		buildings = {
			infrastructure = 1
		}
	}

	provinces={
		804 909 3907 3951 6808 6908 6925 9806 9901 11747 11784 
		#343
		856 981 3856 3983 6877 6945 9878 10041 11796 11831 11907 
		#339
		928 3927 4112 6992 7130 9921 9929 10038 11848 11898 
		#342
		1005 1119 9941 10122 11917 12013 12016 12096
		#340
		785 947 3786 3851 6864 6912 9799 9887 11778 11867
		#345
		1122 4008 4124 4127 7026 7143 10056 11810 
		#344
		806 3889 6813 7620 9893 9912 11746
		#350
		4512 9823 11759 11871 12387 12416
		#352
		864 1463 7530 10497 11739 12318 12476
		#486
		652 4583 6935 7470 11880 12376 13121
		#354
		789 3714 3979 6976 6991 7454 9886 9932 10403 10472 11753 11853
		#355
		933 960 975 3935 3965 9900 9915 11881 11894
		#356
		979 3967 3982 6920 6938 6978 6995 9844 9871 11839 11897
		#347
		890 904 3905 3919 6871 11811 11866 11883 
		#492 797
		9833 11829 
		#341
		849 922 3879 3893 6895 11842
		#490
		919 3807 3862 3964 11826 11844
		#349
		3890 3903 3950 6919 6950 6965 9761 9777
		#353
		876 9858 9860 9868 9954 10399 11797
		#348
		886 921 961 3870 3921 6888 6956 6977 9830
		#346
		784 869 940 3788 3876 6807 6894 9755 9763 9811 9861 11792 11860 13122 
	}

	local_supplies=7.0 
}
